#
#
#  Percent Identity  Matrix - created by Clustal2.1 
#
#

     1: LWH71.2_003406         100.00   89.97   89.97   89.97   89.97   89.97   91.64   91.97   91.97   91.97   91.64   91.64   91.64   91.97   79.26   77.93   76.25   21.12   24.81   22.08
     2: LM3X1.2_001919          89.97  100.00  100.00  100.00  100.00  100.00   95.32   95.65   95.65   95.65   95.99   95.99   95.99   97.32   78.26   77.93   76.25   20.26   24.81   22.51
     3: LMB21.2_002078          89.97  100.00  100.00  100.00  100.00  100.00   95.32   95.65   95.65   95.65   95.99   95.99   95.99   97.32   78.26   77.93   76.25   20.26   24.81   22.51
     4: LMX71.2_002663          89.97  100.00  100.00  100.00  100.00  100.00   95.32   95.65   95.65   95.65   95.99   95.99   95.99   97.32   78.26   77.93   76.25   20.26   24.81   22.51
     5: LWH131.2_002538         89.97  100.00  100.00  100.00  100.00  100.00   95.32   95.65   95.65   95.65   95.99   95.99   95.99   97.32   78.26   77.93   76.25   20.26   24.81   22.51
     6: LWO141.2_002445         89.97  100.00  100.00  100.00  100.00  100.00   95.32   95.65   95.65   95.65   95.99   95.99   95.99   97.32   78.26   77.93   76.25   20.26   24.81   22.51
     7: LMS41.2_002646          91.64   95.32   95.32   95.32   95.32   95.32  100.00   99.67   99.67   99.67   96.66   96.66   96.66   97.32   78.60   77.93   76.25   20.26   24.03   22.08
     8: LTA61.2_001925          91.97   95.65   95.65   95.65   95.65   95.65   99.67  100.00  100.00  100.00   96.99   96.99   96.99   97.66   78.93   78.26   76.59   20.26   24.03   22.08
     9: LWH121.2_002164         91.97   95.65   95.65   95.65   95.65   95.65   99.67  100.00  100.00  100.00   96.99   96.99   96.99   97.66   78.93   78.26   76.59   20.26   24.03   22.08
    10: LWO131.2_001683         91.97   95.65   95.65   95.65   95.65   95.65   99.67  100.00  100.00  100.00   96.99   96.99   96.99   97.66   78.93   78.26   76.59   20.26   24.03   22.08
    11: LBN71.2_001128          91.64   95.99   95.99   95.99   95.99   95.99   96.66   96.99   96.99   96.99  100.00  100.00  100.00   97.99   78.60   78.60   72.73   20.88   24.03   21.70
    12: LWH101.2_002715         91.64   95.99   95.99   95.99   95.99   95.99   96.66   96.99   96.99   96.99  100.00  100.00  100.00   97.99   78.60   78.60   76.92   20.26   24.03   22.08
    13: LWH111.2_000172         91.64   95.99   95.99   95.99   95.99   95.99   96.66   96.99   96.99   96.99  100.00  100.00  100.00   97.99   78.60   78.60   72.73   20.88   24.03   21.70
    14: LWO121.2_002461         91.97   97.32   97.32   97.32   97.32   97.32   97.32   97.66   97.66   97.66   97.99   97.99   97.99  100.00   78.93   78.26   76.59   20.26   24.42   22.51
    15: LWS131.2_001889         79.26   78.26   78.26   78.26   78.26   78.26   78.60   78.93   78.93   78.93   78.60   78.60   78.60   78.93  100.00   90.64   89.30   21.55   25.97   24.68
    16: LWH31.2_000232          77.93   77.93   77.93   77.93   77.93   77.93   77.93   78.26   78.26   78.26   78.60   78.60   78.60   78.26   90.64  100.00   95.99   19.83   24.42   23.81
    17: LWH71.2_003460          76.25   76.25   76.25   76.25   76.25   76.25   76.25   76.59   76.59   76.59   72.73   76.92   72.73   76.59   89.30   95.99  100.00   19.84   24.42   23.05
    18: LMI1211.1_004198        21.12   20.26   20.26   20.26   20.26   20.26   20.26   20.26   20.26   20.26   20.88   20.26   20.88   20.26   21.55   19.83   19.84  100.00   23.25   23.11
    19: Leaf15911.1_003396      24.81   24.81   24.81   24.81   24.81   24.81   24.03   24.03   24.03   24.03   24.03   24.03   24.03   24.42   25.97   24.42   24.42   23.25  100.00   30.84
    20: Root1433D111.1_001129   22.08   22.51   22.51   22.51   22.51   22.51   22.08   22.08   22.08   22.08   21.70   22.08   21.70   22.51   24.68   23.81   23.05   23.11   30.84  100.00
